2820000000,2900000000,100000
11650.35
11663.6
11634.6
11627.15
11618.6
11686.0
11628.5
11600.9
11622.6
11613.75
11666.35
11614.95
11647.15
11616.75
11568.15
11626.1
11609.2
11601.1
11621.65
11635.05
11639.15
11604.65
11613.15
11610.8
11631.6
11622.7
11590.9
11594.7
11582.25
11634.35
11630.1
11588.05
11600.95
11599.25
11567.1
11652.35
11606.1
11630.0
11611.2
11623.2
11611.0
11655.85
11632.15
11658.8
11617.45
11602.3
11641.85
11643.8
11618.65
11650.95
11606.65
11646.1
11646.95
11650.25
11544.05
11657.05
11567.55
11588.85
11621.6
11662.9
11605.6
11651.85
11623.6
11666.7
11669.35
11661.4
11669.3
11631.95
11603.15
11614.35
11640.75
11684.8
11586.0
11597.85
11649.85
11652.6
11616.2
11606.5
11663.95
11634.4
11596.5
11612.8
11588.9
11618.6
11621.4
11630.7
11600.0
11597.4
11634.3
11598.15
11662.7
11610.15
11615.45
11581.6
11653.7
11600.1
11627.95
11616.1
11618.35
11668.85
11622.5
11578.9
11625.95
11612.45
11638.8
11631.0
11657.05
11598.65
11640.9
11665.05
11668.55
11597.6
11672.1
11660.6
11579.9
11675.85
11627.05
11629.15
11631.9
11644.6
11678.45
11693.7
11640.0
11658.05
11690.6
11658.85
11682.7
11634.6
11594.25
11640.25
11662.15
11651.4
11698.3
11699.25
11688.65
11656.95
11679.65
11718.4
11636.15
11669.95
11647.9
11699.25
11651.7
11679.6
11629.1
11669.15
11661.25
11667.0
11637.65
11634.1
11602.05
11684.5
11671.65
11687.6
11687.05
11667.35
11666.8
11679.65
11692.2
11711.85
11687.1
11706.8
11710.95
11665.3
11659.85
11719.3
11646.65
11660.95
11639.9
11679.35
11668.05
11643.05
11631.55
11633.85
11668.45
11629.95
11665.45
11647.65
11640.05
11685.65
11619.45
11614.05
11618.85
11627.1
11690.65
11609.9
11682.05
11628.05
11606.6
11615.2
11652.1
11611.4
11633.7
11575.7
11628.0
11621.3
11599.9
11614.45
11578.4
11573.25
11575.8
11552.95
11624.8
11569.4
11547.2
11591.7
11602.3
11556.15
11538.65
11513.8
11506.5
11481.15
11532.95
11521.45
11506.45
11548.95
11509.05
11537.9
11533.65
11562.0
11512.7
11538.5
11560.85
11545.8
11547.9
11524.95
11531.4
11567.0
11520.65
11518.8
11511.65
11516.1
11523.35
11496.6
11536.7
11476.35
11527.2
11520.65
11499.0
11489.95
11508.05
11552.05
11529.95
11469.2
11548.15
11506.75
11420.85
11443.1
11495.6
11465.8
11466.1
11436.35
11426.4
11494.2
11507.3
11444.2
11431.95
11436.3
11478.9
11454.8
11464.05
11454.5
11428.05
11431.9
11426.95
11425.95
11418.45
11406.85
11399.0
11427.7
11450.65
11431.5
11462.35
11377.9
11435.25
11436.75
11445.7
11443.55
11467.55
11459.6
11401.9
11433.25
11383.45
11432.65
11381.9
11469.9
11451.45
11451.3
11445.95
11415.15
11432.45
11428.6
11443.5
11473.45
11455.95
11450.1
11461.35
11409.05
11453.5
11454.5
11406.3
11410.35
11467.3
11386.15
11433.1
11385.45
11398.8
11403.75
11394.25
11431.5
11354.9
11360.0
11370.5
11352.05
11391.6
11378.9
11427.5
11337.0
11392.7
11348.45
11372.6
11306.85
11340.15
11333.9
11311.2
11338.7
11290.0
11316.75
11338.1
11200.45
11255.95
11284.25
11300.4
11206.05
11210.55
11196.1
11180.0
11187.9
11177.7
11195.0
11177.5
11146.95
11143.85
11144.6
11133.9
11112.15
11076.9
11089.5
11059.1
11063.95
11044.9
11016.65
11017.7
11039.6
10996.2
10971.1
10976.25
10948.65
10918.05
10853.8
10883.05
10865.2
10801.45
10792.8
10747.8
10779.9
10739.85
10730.7
10690.75
10634.55
10650.55
10624.75
10613.65
10587.9
10587.2
10526.6
10515.4
10516.9
10474.25
10482.55
10441.55
10427.75
10390.6
10432.45
10366.15
10387.35
10362.65
10360.0
10365.45
10366.1
10393.35
10345.8
10356.25
10335.4
10368.35
10352.2
10354.65
10402.85
10352.25
10358.35
10379.5
10423.95
10398.5
10394.3
10469.2
10392.6
10415.0
10436.05
10474.05
10442.05
10440.5
10504.7
10512.85
10489.5
10505.6
10524.95
10530.3
10537.7
10521.05
10502.85
10522.65
10521.1
10504.9
10469.45
10498.3
10447.55
10443.15
10416.55
10449.7
10436.6
10382.85
10438.75
10388.1
10352.4
10363.35
10364.6
10348.8
10369.15
10374.0
10354.7
10392.1
10379.25
10386.6
10413.85
10409.85
10427.4
10390.15
10441.05
10452.0
10461.55
10502.45
10524.15
10565.0
10544.8
10486.55
10548.25
10600.5
10646.55
10610.75
10625.75
10676.5
10701.7
10704.25
10725.6
10772.7
10755.5
10785.6
10753.6
10831.75
10861.5
10881.95
10861.75
10883.4
10902.8
10937.5
10973.5
10983.2
10942.95
10956.9
10987.9
10996.6
11027.85
11022.0
11071.8
11080.3
11089.95
11073.45
11089.55
11081.3
11118.1
11092.1
11110.3
11110.95
11152.0
11113.45
11154.4
11153.7
11141.8
11150.85
11171.95
11228.4
11282.7
11260.4
11293.8
11285.6
11318.8
11323.5
11274.5
11304.7
11306.55
11321.65
11317.2
11295.45
11288.95
11340.1
11316.65
11356.5
11288.7
11298.85
11307.7
11299.5
11312.45
11282.0
11273.3
11297.8
11323.95
11276.95
11320.0
11339.15
11337.3
11362.4
11353.95
11340.55
11360.2
11354.85
11336.95
11378.5
11388.4
11389.3
11348.6
11350.55
11382.45
11352.95
11362.1
11333.65
11372.7
11335.85
11447.7
11387.35
11384.15
11394.8
11404.6
11399.65
11375.7
11389.8
11375.15
11404.2
11412.05
11388.0
11419.8
11371.55
11392.15
11398.7
11388.1
11407.0
11371.6
11375.75
11353.1
11380.05
11410.25
11442.9
11395.15
11434.65
11451.55
11384.75
11426.4
11406.45
11405.6
11398.7
11388.7
11407.3
11427.8
11410.6
11470.35
11432.15
11438.8
11439.0
11410.55
11402.65
11423.15
11406.9
11416.5
11487.3
11400.5
11438.95
11433.15
11458.65
11493.5
11419.2
11466.9
11501.35
11451.9
11430.2
11472.25
11426.7
11444.45
11450.0
11447.0
11416.1
11431.55
11410.5
11400.8
11427.25
11448.6
11470.2
11423.35
11416.35
11469.55
11431.45
11454.4
11407.6
11439.75
11440.4
11446.1
11467.75
11510.2
11525.05
11464.2
11477.0
11489.2
11484.0
11534.1
11427.15
11487.0
11479.95
11504.25
11506.15
11508.0
11528.3
11510.65
11462.3
11532.1
11536.6
11510.55
11548.75
11482.4
11519.4
11526.3
11467.75
11518.25
11565.65
11559.3
11570.95
11593.15
11551.8
11537.95
11555.95
11554.8
11551.65
11523.85
11549.2
11592.2
11592.35
11582.95
11585.25
11603.8
11598.95
11573.75
11589.55
11606.15
11572.2
11620.6
11565.8
11620.9
11588.8
11599.65
11621.2
11577.2
11605.55
11573.3
11563.6
11656.45
11584.5
11587.95
11570.95
11542.4
11567.6
11565.7
11563.15
11558.5
11551.4
11509.7
11557.0
11583.55
11571.25
11565.4
11585.6
11575.8
11604.6
11563.05
11547.1
11582.15
11564.7
11580.65
11603.5
11542.3
11550.95
11594.9
11595.0
11582.05
11586.35
11616.85
11568.15
11590.25
11593.35
11621.6
11649.3
11638.35
11603.55
11617.85
11621.35
11602.9
11625.55
11658.0
11636.25
11630.15
11653.95
11689.45
11657.15
11713.75
11653.6
11654.8
11645.0
11646.3
11626.5
11641.35
11605.25
11621.85
11653.9
11643.1
11628.6
11674.4
11654.2
11653.7
11631.25
11646.45
11704.8
11715.5
11653.5
11669.85
11654.05
11619.55
11634.35
11678.0
11672.45
11678.4
11682.1
11660.65
11653.05
11667.05
11666.1
11676.95
11657.25
11657.05
11652.7
11630.6
11676.05
11647.05
11678.05
11662.45
11639.6
11607.6
11650.95
11652.3
11686.1
11662.65
11689.7
11682.4
11652.6
11672.7
11690.4
11713.4
11720.75
11683.8
11679.3
11659.45
11712.35
11721.95
11679.9
11694.55
11664.35
11684.95
11665.4
11693.55
11682.4
11687.9
11644.8
11622.0
11708.15
11704.45
11661.0
